Precomputing primes congruent to 3 mod 4...
Precomputed 4806 primes.

--- Iteration 1 ---
Number of target v's to block: 12
Chosen primes for cover (10): [(11, 3), (59, 26), (19, 17), (23, 9), (31, 2), (43, 15), (47, 34), (67, 25), (71, 30), (79, 25)]
Candidate n digits: 35
V_all size: 2999
Failed: 1248 failing v's. First few: [4096, 74656, 106496, 293096, 321536]
Added 1248 new v's to blocked.

--- Iteration 2 ---
Number of target v's to block: 1260
Chosen primes for cover (194): [(11, 5), (31, 4), (331, 26), (19, 5), (127, 94), (43, 9), (23, 12), (59, 29), (151, 95), (71, 24), (67, 9), (683, 243), (47, 18), (79, 55), (103, 63), (107, 92), (2731, 876), (8191, 3873), (83, 49), (163, 97), (167, 36), (199, 36), (223, 183), (251, 39), (227, 212), (307, 234), (311, 288), (5419, 1801), (131, 117), (179, 121), (191, 128), (211, 87), (283, 251), (439, 250), (139, 54), (271, 25), (383, 57), (419, 289), (431, 289), (547, 276), (631, 286), (751, 376), (4051, 416), (239, 100), (263, 54), (347, 293), (467, 273), (499, 126), (587, 359), (599, 363), (787, 345), (863, 718), (1367, 684), (1523, 447), (1663, 1384), (2503, 2008), (23311, 17672), (359, 182), (367, 209), (379, 70), (463, 94), (479, 11), (487, 311), (491, 185), (523, 135), (571, 141), (607, 477), (643, 15), (647, 272), (691, 499), (743, 606), (811, 463), (823, 220), (859, 16), (967, 800), (971, 374), (991, 255), (1019, 459), (1051, 1033), (1091, 666), (1103, 286), (1303, 1082), (1319, 945), (1439, 586), (1447, 191), (1459, 1438), (1543, 95), (1579, 85), (1619, 1254), (1699, 169), (1787, 861), (1811, 183), (1847, 927), (1871, 305), (1979, 1224), (1999, 710), (2179, 914), (2251, 731), (2351, 460), (2699, 2583), (2887, 969), (3251, 700), (5107, 3838), (7127, 3366), (8363, 7693), (11519, 5636), (21191, 20384), (443, 161), (503, 94), (563, 100), (619, 151), (659, 228), (719, 443), (727, 578), (739, 293), (827, 417), (839, 337), (887, 559), (907, 237), (911, 92), (919, 422), (947, 134), (983, 692), (1031, 623), (1039, 49), (1063, 97), (1087, 55), (1123, 626), (1151, 695), (1163, 311), (1171, 506), (1223, 244), (1279, 666), (1283, 572), (1307, 55), (1327, 705), (1427, 1093), (1451, 1420), (1483, 633), (1511, 238), (1531, 887), (1559, 671), (1567, 1299), (1583, 948), (1607, 1258), (1627, 1245), (1723, 1553), (1747, 261), (1823, 1187), (1831, 779), (1879, 860), (1907, 533), (1987, 969), (2011, 939), (2039, 1727), (2143, 1752), (2207, 707), (2311, 1972), (2399, 1574), (2423, 1865), (2459, 936), (2539, 1408), (2591, 893), (2819, 673), (2879, 1718), (2971, 1881), (3019, 2114), (3119, 2458), (3331, 1213), (3467, 122), (3767, 2970), (5827, 3108), (6091, 3443), (6131, 1180), (6551, 3373), (23447, 7832), (29231, 4324), (883, 427), (1187, 379), (1231, 820), (1259, 720), (1291, 463), (1399, 35), (1423, 591), (1471, 1411), (1487, 77), (1499, 240), (1571, 561), (1667, 1064), (1759, 731), (1783, 1141), (1867, 805), (1951, 910), (2003, 1531)]
Warning: prime 11 has 14 unavoidable fails with lift 81
Warning: prime 19 has 1 unavoidable fails with lift 9
Candidate n digits: 1159
V_all size: 6401
Failed: 1401 failing v's. First few: [5144576, 18670496, 1744830464, 4772651936, 5268045824]
Added 1390 new v's to blocked.

--- Iteration 3 ---
Number of target v's to block: 2650
Chosen primes for cover (356): [(31, 1), (11, 9), (23, 2), (127, 122), (19, 7), (331, 144), (43, 25), (59, 5), (71, 58), (151, 5), (683, 197), (47, 32), (67, 59), (79, 2), (8191, 3328), (83, 37), (103, 79), (107, 12), (2731, 2293), (131, 129), (167, 58), (251, 175), (5419, 1129), (307, 127), (631, 309), (139, 6), (163, 55), (191, 121), (199, 180), (223, 153), (283, 1), (211, 189), (179, 39), (227, 108), (271, 122), (439, 130), (263, 27), (311, 52), (367, 361), (4051, 1699), (239, 22), (347, 85), (379, 118), (383, 342), (431, 418), (463, 392), (467, 357), (479, 35), (487, 313), (499, 247), (503, 343), (547, 293), (571, 219), (599, 301), (827, 36), (971, 401), (1063, 292), (1103, 1083), (1663, 426), (359, 51), (419, 136), (491, 277), (523, 509), (587, 101), (607, 227), (619, 223), (647, 301), (691, 113), (743, 313), (863, 464), (947, 212), (1123, 36), (1367, 451), (1427, 160), (1439, 481), (1447, 162), (2143, 831), (11119, 6656), (13367, 9455), (23311, 16067), (563, 439), (643, 585), (659, 225), (719, 490), (727, 397), (739, 401), (751, 650), (787, 395), (811, 62), (823, 466), (839, 413), (887, 3), (907, 642), (919, 117), (967, 68), (991, 879), (1019, 786), (1031, 108), (1039, 104), (1087, 290), (1091, 165), (1151, 96), (1171, 728), (1187, 445), (1259, 376), (1279, 201), (1307, 548), (1319, 733), (1399, 744), (1459, 1089), (1483, 1135), (1523, 186), (1559, 737), (1567, 772), (1583, 9), (1607, 429), (1811, 433), (1831, 450), (2179, 1879), (2207, 2003), (2351, 7), (2371, 879), (2503, 2209), (2699, 1278), (2887, 2884), (3251, 1880), (3323, 2745), (3331, 3174), (5927, 2383), (443, 14), (859, 111), (883, 855), (911, 117), (983, 192), (1051, 876), (1163, 155), (1223, 325), (1231, 107), (1283, 315), (1291, 289), (1303, 1058), (1327, 647), (1423, 149), (1487, 1338), (1499, 161), (1511, 1346), (1531, 452), (1571, 1285), (1579, 416), (1627, 346), (1667, 607), (1699, 1267), (1723, 164), (1759, 1164), (1783, 598), (1787, 1557), (1823, 718), (1847, 151), (1867, 1373), (1871, 1729), (1879, 1687), (1907, 1199), (1951, 1570), (1979, 1502), (1987, 1232), (1999, 1632), (2003, 1119), (2011, 1259), (2039, 1479), (2087, 309), (2111, 899), (2267, 820), (2339, 1085), (2411, 1282), (2423, 1164), (2467, 1121), (2531, 2025), (2539, 568), (2591, 2439), (2707, 384), (2791, 1854), (2879, 186), (2963, 1241), (2971, 381), (3299, 571), (3347, 1610), (3371, 79), (3407, 41), (3491, 2064), (3691, 2804), (3847, 1788), (3907, 561), (3931, 1264), (4019, 2618), (4547, 2747), (4799, 4405), (5039, 4473), (5303, 169), (5507, 4745), (5531, 1215), (5939, 5533), (6791, 3210), (6871, 978), (6971, 3932), (7219, 2090), (8443, 1553), (8887, 2495), (11807, 1025), (14411, 12370), (19471, 15236), (23563, 18666), (28867, 15395), (29131, 11379), (1451, 1169), (1471, 333), (1543, 60), (1619, 1504), (1747, 1182), (1931, 841), (2027, 251), (2063, 279), (2083, 610), (2099, 657), (2131, 406), (2203, 2079), (2239, 2025), (2243, 905), (2251, 479), (2287, 2247), (2311, 492), (2347, 1515), (2383, 1541), (2399, 391), (2447, 2265), (2459, 1913), (2543, 1617), (2551, 1159), (2579, 1591), (2647, 2231), (2659, 2123), (2663, 2217), (2671, 1513), (2683, 1439), (2687, 2339), (2767, 2762), (2803, 1957), (2819, 2604), (2843, 56), (2851, 2115), (2903, 2120), (2927, 364), (2939, 2096), (2999, 1858), (3019, 974), (3023, 2366), (3079, 1076), (3083, 1987), (3119, 475), (3163, 2020), (3167, 2170), (3187, 2463), (3191, 370), (3203, 1007), (3271, 2481), (3307, 822), (3319, 2080), (3359, 871), (3391, 2345), (3467, 710), (3499, 3429), (3527, 52), (3539, 1459), (3559, 2450), (3623, 708), (3631, 1569), (3719, 570), (3727, 2273), (3739, 3701), (3767, 2988), (3803, 1421), (3823, 937), (3851, 3095), (3863, 494), (3923, 706), (3947, 2247), (4003, 2331), (4007, 2717), (4027, 3935), (4079, 3876), (4127, 547), (4159, 2424), (4219, 3471), (4231, 1835), (4243, 816), (4259, 441), (4327, 3202), (4363, 3724), (4451, 2711), (4523, 4038), (4583, 2365), (4591, 1356), (4643, 1863), (4663, 3127), (4679, 3171), (4691, 506), (4783, 3553), (4787, 3079), (4831, 2770), (4931, 2441), (4987, 3372), (5003, 2637), (5107, 1984), (5167, 1337), (5479, 2264), (5623, 639), (5711, 4085), (5867, 4616), (5923, 2122), (6163, 2604), (6199, 1476), (6299, 4442), (6551, 2867), (6899, 400), (7691, 6287), (7727, 1281), (8179, 3645), (8599, 456), (8699, 389), (10159, 1576), (10243, 7477), (12527, 11719), (15263, 7098), (18587, 3567), (19919, 10388), (22619, 3363), (23371, 22627), (25171, 15273), (28663, 3564), (29723, 2963), (2711, 2299), (2719, 1615), (3011, 114), (3067, 2699), (3259, 1941), (3343, 1120), (3463, 3436), (3511, 1664), (3547, 624), (3571, 2838), (3583, 1770), (3607, 3499), (3643, 1156), (3659, 995), (3671, 3008), (3779, 3030), (3919, 257)]
Warning: prime 31 has 9 unavoidable fails with lift 63
Warning: prime 11 has 26 unavoidable fails with lift 3
Warning: prime 23 has 3 unavoidable fails with lift 143
Warning: prime 19 has 4 unavoidable fails with lift 84
Candidate n digits: 2333
V_all size: 6401
Failed: 857 failing v's. First few: [1166906, 74681984, 75032576, 109051904, 298727936]
Added 841 new v's to blocked.

--- Iteration 4 ---
Number of target v's to block: 3491
